%YAML:1.0
---
depthShift: -2.7414796704605681e+01
