%YAML:1.0
---
cameraMatrix: !!opencv-matrix
   rows: 3
   cols: 3
   dt: d
   data: [ 3.5956837695561876e+02, 0., 2.4780084298369511e+02, 0.,
       3.5965757287481642e+02, 2.0046387798156098e+02, 0., 0., 1. ]
distortionCoefficients: !!opencv-matrix
   rows: 1
   cols: 5
   dt: d
   data: [ 9.0343903713377929e-02, -2.4828845837397676e-01,
       -4.5541649138391817e-03, -3.2891082185737513e-03,
       7.7526467157555540e-02 ]
rotation: !!opencv-matrix
   rows: 3
   cols: 3
   dt: d
   data: [ 1., 0., 0., 0., 1., 0., 0., 0., 1. ]
projection: !!opencv-matrix
   rows: 4
   cols: 4
   dt: d
   data: [ 3.5956837695561876e+02, 0., 2.4780084298369511e+02, 0., 0.,
       3.5965757287481642e+02, 2.0046387798156098e+02, 0., 0., 0., 1.,
       0., 0., 0., 0., 1. ]
