%YAML:1.0
---
cameraMatrix: !!opencv-matrix
   rows: 3
   cols: 3
   dt: d
   data: [ 1.0357337925174038e+03, 0., 9.5097457574107386e+02, 0.,
       1.0350694760506190e+03, 5.5157739605483800e+02, 0., 0., 1. ]
distortionCoefficients: !!opencv-matrix
   rows: 1
   cols: 5
   dt: d
   data: [ 4.3681327148601026e-02, -6.7301826484277821e-02,
       -4.7182830951267909e-04, -1.6386189708182067e-03,
       1.9536636640722187e-02 ]
rotation: !!opencv-matrix
   rows: 3
   cols: 3
   dt: d
   data: [ 1., 0., 0., 0., 1., 0., 0., 0., 1. ]
projection: !!opencv-matrix
   rows: 4
   cols: 4
   dt: d
   data: [ 1.0357337925174038e+03, 0., 9.5097457574107386e+02, 0., 0.,
       1.0350694760506190e+03, 5.5157739605483800e+02, 0., 0., 0., 1.,
       0., 0., 0., 0., 1. ]
