%YAML:1.0
---
rotation: !!opencv-matrix
   rows: 3
   cols: 3
   dt: d
   data: [ 9.9991205446128328e-01, -3.3877220563922218e-03,
       -1.2822116918994465e-02, 3.1896546552071274e-03,
       9.9987576445381054e-01, -1.5436377848721983e-02,
       1.2872818114004640e-02, 1.5394122163235970e-02,
       9.9979863550448356e-01 ]
translation: !!opencv-matrix
   rows: 3
   cols: 1
   dt: d
   data: [ -4.4092486871154413e-02, -7.1819870487947377e-04,
       -5.6367715755359024e-03 ]
essential: !!opencv-matrix
   rows: 3
   cols: 3
   dt: d
   data: [ 8.7341133986201412e-06, 5.6250152495400775e-03,
       -8.0506542104649323e-04, -5.0686812829365607e-03,
       6.9786094476871684e-04, 4.4155883553966727e-02,
       5.7749573649923066e-04, -4.4089442074558512e-02,
       6.7141945986791776e-04 ]
fundamental: !!opencv-matrix
   rows: 3
   cols: 3
   dt: d
   data: [ 7.1354634343934076e-09, 4.5942999257364382e-06,
       -1.1592511181601490e-03, -4.1435920103534254e-06,
       5.7035227458356214e-07, 1.3891774521246765e-02,
       2.7673787293802259e-03, -4.1981041266904842e-02, 1. ]
